33
33
52
61
73
82
97
106
124
129
144
151
155
157 
160
161
165
168
170
172
176
178
181
182
185 
188
191
194
196
199
205 
207
213
219
223
223
233
236
242
250 
254
260
264
270
273 
279
283
288
293
299
303
309 
313 
320
324
329 
333
340 
344
350
354 
359
363
370
374 
379
384
388
395
399
400
406 
409
413
416
419
422
426
429
431
435
438
441
445
449
452
456
458
463
466
468
473
476
480
482 
486
488
493
495
498
67
129
154
165
180
199
212
247
275
298
314
344
356
391
409
422
435
450
475
487
4231095014418624328833637941645848713169193213254314368426
93
159
175
202
277
344
392
406
438
477