7.89
8.21
14
21.84
26.49
29.32
41.23
33.78
51.28
44.57
51.23
55.34
59.97
63.84
83.21
74.32
91.42
83.24
98.85
93.82
112.98
99.83
103.89
123.48
119.89
135.54
153.39
127.43
128.98
121.83
171.43
153.39
151.89
142.47
183.21
191.84
175.43
177.49
185.42
191.23
195.33
193.94
225.94
201.82
200.12
213.45
245.82
221.23
220.93
238.43
241.34
244.32
283.23
283.45
261.78
281.89
278.43
300.87
301.23
295.43
313.34
303.23
320.54
317.89
303.89
317.83
327.87
347.73
341.34
353.35
339.87
347.53
351.94
379.32
364.32
358.21
377.32
371.21
402.03
382.23
413.86
391.23
428.32
403.56
402.98
413.83
423.43
456.32
432.23
461.23
447.54
441.23
479.97
452.34
453.82
487.34
471.38
477.82
483.82
491.23
13.45
39.42
51.94
101.23
98.23
159.74
148.32
209.36
213.84
234.85
281.34
309.32
319.64
364.94
389.24
382.32
396.53
411.48
438.03
469.98
384.3236.4310.4351.21137.89189.21224.32273.32348.94387.53428.14492.322.5279.85126.86179.23219.73248.97331.72371.83
41.29
61.34
111.39
168.32
235.35
307.81
357.94
348.52
393.24
480.03