de starts...
0.6957627118644069
0.6957627118644069
0.6957627118644069
0.6957627118644069
0.6957627118644069
de starts...
0.6957627118644069
0.6957627118644069
0.6957627118644069
0.6957627118644069
0.6957627118644069
de starts...
0.6957627118644069
0.6957627118644069
0.6957627118644069
0.6957627118644069
0.6957627118644069
de starts...
0.6957627118644069
0.6957627118644069
0.6957627118644069
0.6957627118644069
0.6957627118644069
de starts...
0.6957627118644069
0.6957627118644069
0.6957627118644069
0.6957627118644069
0.6957627118644069
de starts...
0.6957627118644069
0.6957627118644069
0.6957627118644069
0.6957627118644069
0.4728451809902538
