de starts...
1.0135593220338983
1.0135593220338983
1.0135593220338983
1.0135593220338983
1.0135593220338983
de starts...
1.0135593220338983
1.0135593220338983
1.0135593220338983
1.0135593220338983
1.0135593220338983
de starts...
1.0135593220338983
1.0135593220338983
1.0135593220338983
1.0135593220338983
1.0135593220338983
de starts...
1.0135593220338983
1.0135593220338983
1.0135593220338983
1.0135593220338983
1.0135593220338983
de starts...
1.0135593220338983
1.0135593220338983
1.0135593220338983
1.0135593220338983
1.0135593220338983
de starts...
1.0135593220338983
1.0135593220338983
1.0135593220338983
1.0135593220338983
0.6301518424643294
