408.8705239446429
229.86558053617588
229.86558053617588
229.86558053617588
241.3113817403871
241.68945259391458
241.8770453185304
242.0816371650742
408.8705239446429
408.8705239446429
408.8705239446429
408.8705239446429
229.86558053617588
240.58577549476
241.22460164640435
241.62188724811722
241.84831979941038
241.9866611515065
408.8705239446429
408.8705239446429
229.86558053617588
240.00995398940097
241.04089199315302
241.54941878351752
241.92329552653246
242.19576783165917
408.8705239446429
408.8705239446429
408.8705239446429
408.8705239446429
msel[0], test_MSE_3_0 against 3 Ref Val during JOPS is 189197.97588514464
msel[0], MSE of Test Dataset against 3 Ref Val during JOPS is 6306.599196171488 414.92168908444256
174.65455580376752
174.65455580376752
174.65455580376752
174.65455580376752
174.65455580376752
396.2543438688549
412.8678633285068
414.92168908444256
414.92168908444256
414.92168908444256
414.92168908444256
174.65455580376752
174.65455580376752
174.65455580376752
174.65455580376752
174.65455580376752
407.50504574661176
414.92168908444256
414.92168908444256
174.65455580376752
174.65455580376752
174.65455580376752
174.65455580376752
395.4960637799543
414.92168908444256
414.92168908444256
414.92168908444256
414.92168908444256
414.92168908444256
msel[1], MSE of Test Dataset against 5 Ref Val during JOPS is 4289.386734493205 474.9526810744
181.37998639521211
181.37998639521211
181.37998639521211
179.20765187045623
215.3291411656396
366.738742515624
408.9145890887766
449.7554525033057
470.562752962145
488.63760044623695
498.9979153143471
181.37998639521211
181.37998639521211
178.6816835928448
168.22799224084494
231.04068513470503
389.58762867920973
441.25105287445757
470.31713366903244
181.37998639521211
181.37998639521211
181.37998639521211
171.62911863735178
366.91979892854954
425.18041628740025
455.81144313752515
457.91914513189744
478.1719837773802
497.1550042278842
msel[2], MSE of Test Dataset against 4 Ref Val during JOPS is 4167.112808141461 417.9406627184468
172.91154738193464
69.5733682363356
174.82395100014628
237.44087768349542
249.67635335201595
268.963237159406
413.8174749384589
417.9406627184468
417.9406627184468
417.9406627184468
417.9406627184468
60.303889054846415
230.03549569378748
237.50037546894174
242.72945264269975
259.3936731284954
405.66296354272913
417.9406627184468
417.9406627184468
172.722943730393
219.62233442098733
235.48466940030116
240.21939890009128
268.9703686737646
417.4366824972369
417.9406627184468
417.9406627184468
417.9406627184468
417.9406627184468
msel[3], MSE of Test Dataset against 4 Ref Val during JOPS is 2252.5618477208895 402.92685021492053
186.7740582456726
186.7740582456726
186.7740582456726
186.7740582456726
186.7740582456726
186.7740582456726
402.92685021492053
402.92685021492053
402.92685021492053
402.92685021492053
402.92685021492053
186.7740582456726
186.7740582456726
186.7740582456726
186.7740582456726
186.7740582456726
402.92685021492053
402.92685021492053
402.92685021492053
186.7740582456726
186.7740582456726
186.7740582456726
186.7740582456726
186.7740582456726
402.92685021492053
402.92685021492053
402.92685021492053
402.92685021492053
402.92685021492053
msel[4], MSE of Test Dataset against 5 Ref Val during JOPS is 4317.829613063373 364.7552454629536
172.60398361834706
173.77430766204662
172.00352409040684
168.2187254114914
343.01277746848666
344.53707198543805
346.43002468973475
349.6932462769817
358.0490970141889
385.8874711754904
385.8874711754904
174.20447006677983
170.4563723484451
167.85872295129707
167.85872295129707
343.6891891548611
345.4865134602573
348.64511035354
358.2663810953851
172.72521686907476
171.28135860746843
169.56275607121816
169.56275607121816
344.4074166690686
347.207627343293
350.85355601967024
351.8043251804008
379.0254122098107
385.8874711754904
MSE of Test Dataset after JOPS against 4 Ref Val is 4267.218510569583