5
8
13
17
23
27
34
38
45
47
53
57
65
68
74
77
84
90
93
98
105
109
114
117
122
128
134
140
143
149
155
157
163
169
173
179
183
186
192
200
204
210
214
220
223
229
233
238
243
249
253
259
263
270
274
279
283
290
294
300
304
309
313
320
324
329
334
338
345
349
351
360
364
370
374
379
384
389
394
397
403
408
412
418
424
429
435
438
445
450
453
460
464
470
473
480
483
490
493
498
20
47
63
84
113
148
162
197
225
248
264
294
306
341
364
384
403
426
463
481
399391253124193238286329374438481391138163204264318389
32
73
103
152
227
294
342
360
407
466